1101 0 0
1102 0 0
1103 0 0
1104 0 0
1105 0 0
1106 0 0
1107 0 0
1108 0 0
1109 0 0
1110 0 0
1111 0 0
1112 0 0
1113 0 0
1114 0 0
1115 0 0
1116 0 0
1117 0 0
1118 0 0
1119 0 0
1120 0 0
1121 0 0
1201 0 0
1202 0 0
1203 0 0
1204 0 0
1205 0 0
1206 0 0
1207 0 0
1208 0 0
1209 0 0
1210 0 0
1211 0 0
1212 0 0
1213 0 0
1214 0 0
1215 0 0
1216 0 0
1217 0 0
1218 0 0
1219 0 0
1220 0 0
1221 0 0
1301 0 0
1302 0 0
1303 0 0
1304 0 0
1305 0 0
1306 0 0
1307 0 0
1308 0 0
1309 0 0
1310 0 0
1311 0 0
1312 0 0
1313 0 0
1314 0 0
1315 0 0
1316 0 0
1317 0 0
1318 0 0
1319 0 0
1320 0 0
1321 0 0
1401 0 0
1402 0 0
1403 0 0
1404 0 0
1405 0 0
1406 0 0
1407 0 0
1408 0 0
1409 0 0
1410 0 0
1411 0 0
1412 0 0
1413 0 0
1414 0 0
1415 0 0
1416 0 0
1417 0 0
1418 0 0
1419 0 0
1420 0 0
1421 0 0
2101 0 0
2102 0 0
2103 0 0
2104 0 0
2105 0 0
2106 0 0
2107 0 0
2108 0 0
2109 0 0
2110 0 0
2111 0 0
2112 0 0
2113 0 0
2114 0 0
2115 0 0
2116 0 0
2117 0 0
2118 0 0
2119 0 0
2120 0 0
2121 0 0
2201 0 0
2202 0 0
2203 0 0
2204 0 0
2205 0 0
2206 0 0
2207 0 0
2208 0 0
2209 0 0
2210 0 0
2211 0 0
2212 0 0
2213 0 0
2214 0 0
2215 0 0
2216 0 0
2217 0 0
2218 0 0
2219 0 0
2220 0 0
2221 0 0
2301 0 0
2302 0 0
2303 0 0
2304 0 0
2305 0 0
2306 0 0
2307 0 0
2308 0 0
2309 0 0
2310 0 0
2311 0 0
2312 0 0
2313 0 0
2314 0 0
2315 0 0
2316 0 0
2317 0 0
2318 0 0
2319 0 0
2320 0 0
2321 0 0
2401 0 0
2402 0 0
2403 0 0
2404 0 0
2405 0 0
2406 0 0
2407 0 0
2408 0 0
2409 0 0
2410 0 0
2411 0 0
2412 0 0
2413 0 0
2414 0 0
2415 0 0
2416 0 0
2417 0 0
2418 0 0
2419 0 0
2420 0 0
2421 0 0
